# number of bins in each dimension of mesh
1
# number of stages
73
# total number of particles in stage | number of generations in stage
# (number of particles in final stage must equal number of particles in first active batch)
1051 10
1156 10
1272 10
1399 10
1539 10
1693 10
1862 10
2048 10
2253 10
2479 10
2726 10
2999 10
3299 10
3629 10
3992 10
4391 10
4830 10
5313 10
5844 10
6429 10
7072 10
7779 10
8557 10
9412 10
10354 10
11389 10
12528 10
13781 10
15159 10
16675 10
18342 10
20176 10
22194 10
24413 10
26855 10
29540 10
32494 10
35743 10
39318 10
43249 10
47574 10
52332 10
57565 10
63322 10
69654 10
76619 10
84281 10
92709 10
101980 10
112178 10
123396 10
135735 10
149309 10
164240 10
180664 10
198730 10
218603 10
240463 10
264510 10
290961 10
320057 10
352063 10
387269 10
425996 10
468595 10
515455 10
567000 10
623700 10
686070 10
754677 10
830145 10
913160 10
1004475 10
